+8801641179548,
+8801618648838,
+8801600241185,
+8801640357368,
+8801623888003,
+8801615944388,
+8801600480380,
+8801646871493,
+8801641656083,
+8801636527552,
+8801630452024,
+8801605118264,
+8801612045654,
+8801630682625,
+8801606436961,
+8801618526400,
+8801611891695,
+8801611461308,
+8801605966534,
+8801605844072,
+8801613813269,
+8801641587006,
+8801649839620,
+8801630462109,
+8801624837546,
+8801604096514,
+8801622792622,
+8801606923532,
+8801639493884,
+8801608522722,
+8801608931478,
+8801619507242,
+8801644979095,
+8801635451883,
+8801607110971,
+8801609749837,
+8801613602244,
+8801641766729,
+8801613419854,
+8801610328824,
+8801627276963,
+8801639011681,
+8801614972130,
+8801646751412,
+8801622520800,
+8801625781886,
+8801610129585,
+8801646759961,
+8801625385237,
+8801644680482,
+8801627385989,
+8801625704172,
+8801635376700,
+8801643098238,
+8801630984266,
+8801636544610,
+8801639325263,
+8801611786878,
+8801634417069,
+8801642008579,
+8801615967102,
+8801635805563,
+8801645911664,
+8801648675242,
+8801641703948,
+8801624961300,
+8801620996045,
+8801623932072,
+8801642069447,
+8801623067671,
+8801616414084,
+8801644530953,
+8801641838498,
+8801618204952,
+8801649258755,
+8801634336494,
+8801611955569,
+8801611755556,
+8801605792689,
+8801623646105,
+8801624632768,
+8801603845520,
+8801644616152,
+8801625628424,
+8801631839695,
+8801602747626,
+8801605153325,
+8801622806968,
+8801637379246,
+8801620647185,
+8801626911996,
+8801600756490,
+8801635208433,
+8801600865889,
+8801634498164,
+8801622304963,
+8801646232593,
+8801601200518,
+8801639626381,
+8801624650030,
+8801630373087,
+8801623177074,
+8801613594770,
+8801623642332,
+8801641518117,
+8801615736297,
+8801630178894,
+8801645531611,
+8801632804025,
+8801642321367,
+8801601501861,
+8801640699139,
+8801624288776,
+8801612483058,
+8801617941856,
+8801604592034,
+8801634115781,
+8801605372193,
+8801621022850,
+8801604078555,
+8801612886464,
+8801610477008,
+8801619636167,
+8801648790057,
+8801638693846,
+8801606371480,
+8801607900891,
+8801633503160,
+8801616062149,
+8801647388717,
+8801620468609,
+8801623990497,
+8801645001630,
+8801638518635,
+8801642437334,
+8801612333377,
+8801605944152,
+8801632080248,
+8801649060528,
+8801636627956,
+8801617005696,
+8801616594965,
+8801616008097,
+8801608314099,
+8801641538574,
+8801622620806,
+8801647424535,
+8801629507848,
+8801627295644,
+8801629662245,
+8801612516073,
+8801601287696,
+8801641236828,
+8801641947868,
+8801612712441,
+8801616546336,
+8801632159950,
+8801642053459,
+8801615083926,
+8801649751381,
+8801640939363,
+8801605685319,
+8801604865056,
+8801624485855,
+8801644075011,
+8801629121627,
+8801647717256,
+8801633147752,
+8801634951091,
+8801601402752,
+8801624332816,
+8801601528638,
+8801646285664,
+8801634798447,
+8801649800484,
+8801627429160,
+8801646855370,
+8801601016787,
+8801628986965,
+8801640945497,
+8801628558096,
+8801605838725,
+8801649950958,
+8801608618114,
+8801609486292,
+8801643828463,
+8801601006645,
+8801602761090,
+8801640972426,
+8801616113426,
+8801622963520,
+8801602340066,
+8801631778850,
+8801633208432,
+8801621343354,
+8801623586896,
+8801634840782,
+8801635555855,
+8801639050143,
+8801619960372,
+8801635647518,
+8801600215554,
+8801628580662,
+8801613521451,
+8801626007414,
+8801623550891,
+8801622196056,
+8801602400626,
+8801646864823,
+8801623178973,
+8801643573786,
+8801648704625,
+8801625847557,
+8801612941564,
+8801641656605,
+8801607022956,
+8801613065251,
+8801625892673,
+8801622819777,
+8801616179961,
+8801609531592,
+8801623521910,
+8801613589599,
+8801627454520,
+8801640258342,
+8801600930994,
+8801616716484,
+8801606003476,
+8801628430314,
+8801604341759,
+8801620890928,
+8801612890288,
+8801635780510,
+8801623584940,
+8801603145323,
+8801648199320,
+8801610140570,
+8801614305571,
+8801621415911,
+8801643870197,
+8801609470811,
+8801613379125,
+8801607840265,
+8801612488105,
+8801608743524,
+8801614525595,
+8801622940738,
+8801610166943,
+8801607470823,
+8801633922287,
+8801607295555,
+8801626519568,
+8801611129356,
+8801628773675,
+8801620570133,
+8801636040524,
+8801604113235,
+8801605939089,
+8801613582764,
+8801623213709,
+8801600501978,
+8801604624089,
+8801629311801,
+8801618930532,
+8801604279828,
+8801603034426,
+8801637825285,
+8801601498637,
+8801635806393,
+8801600886663,
+8801627553393,
+8801613872222,
+8801611609550,
+8801623220854,
+8801615770247,
+8801604594778,
+8801625768140,
+8801623166205,
+8801601385404,
+8801646224738,
+8801635935472,
+8801604362197,
+8801602271429,
+8801617217035,
+8801634261022,
+8801605363617,
+8801647911058,
+8801637251339,
+8801609513587,
+8801606788135,
+8801640922987,
+8801644260940,
+8801615170278,
+8801648842428,
+8801623203750,
+8801625046563,
+8801616553241,
+8801631636031,
+8801646002434,
+8801614339866,
+8801606877122,
+8801615748155,
+8801626193060,
+8801648217833,
+8801602317617,
+8801617662128,
+8801642861739,
+8801605925764,
+8801627777149,
+8801608756332,
+8801645813106,
+8801643216718,
+8801636062159,
+8801601908370,
+8801617110753,
+8801602411243,
+8801616054602,
+8801636646076,
+8801643204720,
+8801610749746,
+8801635759805,
+8801640693690,
+8801619458626,
+8801601944200,
+8801606654719,
+8801610813113,
+8801644534956,
+8801624663791,
+8801608596619,
+8801600311844,
+8801636079054,
+8801634770430,
+8801604616872,
+8801639624418,
+8801611644735,
+8801631343825,
+8801613294618,
+8801627392809,
+8801609503078,
+8801626894365,
+8801638180619,
+8801635518904,
+8801648572965,
+8801635729785,
+8801605802504,
+8801610417965,
+8801633748403,
+8801613135811,
+8801649244322,
+8801608529156,
+8801632127624,
+8801648484400,
+8801636589621,
+8801634405420,
+8801617012081,
+8801639105396,
+8801643810117,
+8801613796935,
+8801621045059,
+8801607474698,
+8801619946627,
+8801643183487,
+8801632501548,
+8801605207969,
+8801648580720,
+8801615648000,
+8801613206821,
+8801610409507,
+8801643162777,
+8801619934869,
+8801625973379,
+8801620717410,
+8801611841408,
+8801636415203,
+8801631836333,
+8801632670305,
+8801635803836,
+8801607803752,
+8801630480189,
+8801646859766,
+8801600583329,
+8801605196622,
+8801614358583,
+8801645429619,
+8801600201175,
+8801642279902,
+8801636365407,
+8801647962802,
+8801641423140,
+8801608886700,
+8801640610781,
+8801613598731,
+8801623704742,
+8801633123769,
+8801601475551,
+8801620094392,
+8801639372369,
+8801638104669,
+8801623881626,
+8801639173904,
+8801622620419,
+8801634555775,
+8801602869614,
+8801636914758,
+8801616039721,
+8801644336765,
+8801608340144,
+8801614613025,
+8801641795598,
+8801637602924,
+8801601327195,
+8801645370779,
+8801646847178,
+8801606295965,
+8801619356892,
+8801644072397,
+8801620054284,
+8801621217019,
+8801640649449,
+8801630432163,
+8801647188908,
+8801613455069,
+8801626205702,
+8801647836463,
+8801624893945,
+8801630834924,
+8801637146276,
+8801617605289,
+8801622125485,
+8801605023660,
+8801619928804,
+8801639132423,
+8801619988098,
+8801645220136,
+8801612820601,
+8801626399157,
+8801618114398,
+8801611885630,
+8801641983019,
+8801620904050,
+8801606224553,
+8801619689988,
+8801633623159,
+8801629769926,
+8801639308607,
+8801623285718,
+8801634347348,
+8801643119139,
+8801624849153,
+8801604920574,
+8801637589904,
+8801649256856,
+8801624927878,
+8801639646974,
+8801607657305,
+8801647883180,
+8801624590831,
+8801627780476,
+8801634511064,
+8801612558429,
+8801605191512,
+8801617729099,
+8801624496120,
+8801640830773,
+8801609614443,
+8801646481042,
+8801602498757,
+8801640014597,
+8801646786331,
+8801614369135,
+8801625070657,
+8801613016252,
+8801642772154,
+8801613602029,
+8801621739768,
+8801616003058,
+8801640276824,
+8801645933246,
+8801616981742,
+8801647708991,
+8801634579611,
+8801611249098,
+8801647891543,
+8801645467902,
+8801609660339,
+8801604376295,
+8801634893874,
+8801633858465,
+8801610404729,
+8801618084160,
+8801615438627,
+8801617479403,
+8801646068401,
+8801648248224,
+8801643383455,
+8801617357039,
+8801632045045,
+8801645726089,
+8801627518975,
+8801629028742,
+8801605864032,
+8801607264675,
+8801645818189,
+8801626160449,
+8801642136160,
+8801600124802,
+8801614800549,
+8801614628628,
+8801601711486,
+8801631382080,
+8801640894667,
+8801634916870,
+8801631591355,
+8801624635701,
+8801619389785,
+8801644105073,
+8801640253461,
+8801630382294,
+8801635520657,
+8801606679671,
+8801617578025,
+8801632709543,
+8801615115985,
+8801632882690,
+8801646337886,
+8801643987876,
+8801639621237,
+8801611055151,
+8801627895190,
+8801641448564,
+8801637892468,
+8801623757795,
+8801619394860,
+8801645800030,
+8801644022604,
+8801607016438,
+8801630382778,
+8801619900574,
+8801629117433,
+8801637385390,
+8801649089961,
+8801621677703,
+8801623388678,
+8801624446682,
+8801629370284,
+8801616447175,
+8801648265258,
+8801639818948,
+8801630429000,
+8801602459533,
+8801645333221,
+8801601852326,
+8801641534977,
+8801608908448,
+8801649992065,
+8801621774332,
+8801613104599,
+8801642862486,
+8801610599807,
+8801604665138,
+8801636830424,
+8801601731804,
+8801634541680,
+8801639281012,
+8801639253649,
+8801621256914,
+8801609977075,
+8801613565728,
+8801648405265,
+8801609951379,
+8801633583197,
+8801603760150,
+8801649004626,
+8801607884444,
+8801646323781,
+8801631343831,
+8801643723871,
+8801638833091,
+8801637028414,
+8801605470573,
+8801606024649,
+8801637523279,
+8801626776038,
+8801603880415,
+8801616859806,
+8801648279967,
+8801627934892,
+8801612668617,
+8801606531662,
+8801604830360,
+8801646715004,
+8801603495975,
+8801646090158,
+8801627333635,
+8801628736914,
+8801641323971,
+8801630127128,
+8801619757314,
+8801613965552,
+8801603546681,
+8801610366767,
+8801628865965,
+8801620387818,
+8801647610404,
+8801611555008,
+8801621510094,
+8801611361887,
+8801626375271,
+8801616310212,
+8801625388980,
+8801612578690,
+8801617129626,
+8801647943042,
+8801618608824,
+8801633099990,
+8801628812302,
+8801641013457,
+8801614054858,
+8801643671992,
+8801610589183,
+8801607853307,
+8801638206006,
+8801618338966,
+8801648786261,
+8801620439102,
+8801641739513,
+8801602986942,
+8801634166807,
+8801600588524,
+8801637455546,
+8801640486865,
+8801606024813,
+8801617414834,
+8801645099751,
+8801638821718,
+8801642223312,
+8801632237685,
+8801606449901,
+8801625248362,
+8801615674960,
+8801600671704,
+8801627756947,
+8801600938389,
+8801640889857,
+8801649804890,
+8801609758068,
+8801643945657,
+8801627469315,
+8801642285469,
+8801639763735,
+8801621529508,
+8801620479021,
+8801625598401,
+8801615789229,
+8801646960196,
+8801638578134,
+8801642229231,
+8801604920294,
+8801603211130,
+8801602879679,
+8801637007602,
+8801604654320,
+8801637474439,
+8801614661920,
+8801643632767,
+8801600893325,
+8801641574563,
+8801630424725,
+8801631060303,
+8801646122924,
+8801649080453,
+8801600704895,
+8801618720371,
+8801649488379,
+8801606865879,
+8801644141943,
+8801636013656,
+8801628181075,
+8801618576306,
+8801628173541,
+8801621011994,
+8801620246259,
+8801621719431,
+8801641872068,
+8801626002255,
+8801610941515,
+8801604480285,
+8801630000422,
+8801615696715,
+8801622916209,
+8801634305870,
+8801608386679,
+8801603118038,
+8801601221063,
+8801635671931,
+8801642818354,
+8801617750229,
+8801644716369,
+8801606910020,
+8801603923272,
+8801646036329,
+8801602389883,
+8801638183070,
+8801637132904,
+8801648838328,
+8801633571537,
+8801647690875,
+8801609765431,
+8801615498088,
+8801637078414,
+8801622349325,
+8801638977767,
+8801636742954,
+8801647881538,
+8801640047017,
+8801642739954,
+8801619262702,
+8801604761630,
+8801610300230,
+8801637936628,
+8801627964084,
+8801603255391,
+8801627190308,
+8801621240739,
+8801611671683,
+8801617334869,
+8801645936905,
+8801624702956,
+8801634880882,
+8801642609423,
+8801610998310,
+8801608712362,
+8801647085539,
+8801629160742,
+8801609288473,
+8801601574405,
+8801642935888,
+8801647503906,
+8801622640780,
+8801644500581,
+8801634470717,
+8801644319756,
+8801646714234,
+8801633032210,
+8801644213325,
+8801603140497,
+8801609443602,
+8801617551850,
+8801639836401,
+8801621779535,
+8801635043380,
+8801605433405,
+8801649039931,
+8801611995839,
+8801609533208,
+8801643514441,
+8801630753873,
+8801615274944,
+8801628395406,
+8801649780941,
+8801608818044,
+8801641263932,
+8801610950111,
+8801640835276,
+8801605640160,
+8801648461177,
+8801626528851,
+8801608032096,
+8801608135494,
+8801619506814,
+8801642384588,
+8801640187447,
+8801604885525,
+8801644031775,
+8801601915280,
+8801609627695,
+8801619799648,
+8801607777319,
+8801622622244,
+8801600406154,
+8801638276761,
+8801624682402,
+8801618610131,
+8801642312398,
+8801638077282,
+8801643345732,
+8801642283470,
+8801613940284,
+8801617208964,
+8801623656569,
+8801627268205,
+8801616176106,
+8801630275192,
+8801643431690,
+8801614171540,
+8801624627455,
+8801638859811,
+8801604570345,
+8801646805936,
+8801605806603,
+8801642256032,
+8801647015449,
+8801632672865,
+8801601453057,
+8801608085813,
+8801639800764,
+8801632644530,
+8801611522769,
+8801615790694,
+8801606575547,
+8801626644483,
+8801613104678,
+8801642986536,
+8801638415884,
+8801613065608,
+8801647444793,
+8801629835310,
+8801632135843,
+8801618945514,
+8801630009296,
+8801620304224,
+8801616591607,
+8801637373579,
+8801621848919,
+8801644083818,
+8801636549807,
+8801618112871,
+8801615034777,
+8801604335473,
+8801625213033,
+8801604672022,
+8801602410523,
+8801632336479,
+8801613145895,
+8801619787885,
+8801604747157,
+8801604038751,
+8801603377751,
+8801611529413,
+8801613209614,
+8801648083941,
+8801603789182,
+8801617338835,
+8801613861523,
+8801615337188,
+8801613232384,
+8801607823670,
+8801641330323,
+8801625728035,
+8801607211918,
+8801632171408,
+8801614217818,
+8801628586154,
+8801635587372,
+8801629998923,
+8801625394600,
+8801602715478,
+8801616841950,
+8801631042813,
+8801627330926,
+8801601890956,
+8801604259694,
+8801619483750,
+8801613979300,
+8801607543946,
+8801608953181,
+8801641538326,
+8801615914442,
+8801613834585,
+8801634467556,
+8801600257580,
+8801624161913,
+8801647973983,
+8801623587237,
+8801629724601,
+8801631820068,
+8801604043537,
+8801632889715,
+8801605177026,
+8801609915760,
+8801609412677,
+8801637855204,
+8801607527982,
+8801634137893,
+8801627213837,
+8801625263378,
+8801606238193,
+8801612451904,
+8801610669003,
+8801608433402,
+8801633709393,
+8801606188218,
+8801615346284,
+8801635096838,
+8801639968954,
+8801618263332,
+8801602665069,
+8801625339647,
+8801644171505,
+8801631621350,
+8801631360214,
+8801636841675,
+8801620801573,
+8801646303321,
+8801642036837,
+8801629054935,
+8801627962670,
+8801626951537,
+8801605738585,
+8801645108368,
+8801622914199,
+8801648241244,
+8801632922250,
+8801601201950,
+8801617848725,
+8801643582221,
+8801640073028,
+8801643262790,
+8801606337451,
+8801629452714,
+8801611736963,
+8801608040982,
+8801601361982,
+8801610024919,
+8801628425306,
+8801608202609,
+8801642790320,
+8801632149773,
+8801644213195,
+8801604041056,
+8801629324491,
+8801615623330,
+8801640053256,
+8801636285863,
+8801641070166,
+8801647079280,
+8801610860548,
+8801611857098,
+8801634760869,
+8801623582211,
+8801642848771,
+8801602191391,
+8801605429799,
+8801620555303,
+8801605915265,
+8801627248191,
+8801618657313,
+8801600181572,
+8801630252987,
+8801614299695,
+8801602904506,
+8801622407825,
+8801604007261,
+8801601867042,
+8801618156101,
+8801601752925,
+8801617689651,
+8801634294000,
+8801602125728,
+8801621239914,
+8801633252938,
+8801637440571,
+8801642512964,
+8801636562451,
+8801649587932,
+8801615011964,
+8801607465423,
+8801618750970,
+8801630163167,
+8801645333196,
+8801602568703,
+8801639939809,
+8801603435359,
+8801629791951,
+8801646664669,
+8801649178536,
+8801602705126,
+8801624668605,
+8801642614646,
+8801624869604,
+8801642997271,
+8801628583620,
+8801601868312,
+8801628130778,
+8801625032002,
+8801629746476,
+8801643591570,
+8801610854833,
+8801632516810,
+8801632476577,
+8801631426148,
+8801611104553,
+8801615207318,
+8801601015270,
+8801634114046,
+8801631847021,
+8801609930556,
+8801604508784,
+8801619036389,
+8801629175413,
